0 0.359155 0.281250 0.389671 0.479167
0 0.725352 0.629167 0.258216 0.383333
0 0.359155 0.281250 0.389671 0.479167
0 0.725352 0.629167 0.258216 0.383333
0 0.359155 0.281250 0.389671 0.479167
0 0.725352 0.629167 0.258216 0.383333
0 0.359155 0.281250 0.389671 0.479167
0 0.725352 0.629167 0.258216 0.383333
0 0.359155 0.281250 0.389671 0.479167
0 0.725352 0.629167 0.258216 0.383333
0 0.359155 0.281250 0.389671 0.479167
0 0.725352 0.629167 0.258216 0.383333
0 0.359155 0.281250 0.389671 0.479167
0 0.725352 0.629167 0.258216 0.383333
0 0.359155 0.281250 0.389671 0.479167
0 0.725352 0.629167 0.258216 0.383333
