0 0.175000 0.570833 0.118750 0.183333
0 0.876563 0.566667 0.103125 0.166667
0 0.629687 0.612500 0.115625 0.158333
0 0.417187 0.570833 0.134375 0.158333
0 0.300000 0.572917 0.131250 0.204167
0 0.950000 0.535417 0.081250 0.229167
0 0.059375 0.591667 0.112500 0.216667
0 0.762500 0.600000 0.156250 0.200000
0 0.562500 0.577083 0.093750 0.195833
0 0.175000 0.570833 0.118750 0.183333
0 0.876563 0.566667 0.103125 0.166667
0 0.629687 0.612500 0.115625 0.158333
0 0.417187 0.570833 0.134375 0.158333
0 0.300000 0.572917 0.131250 0.204167
0 0.950000 0.535417 0.081250 0.229167
0 0.059375 0.591667 0.112500 0.216667
0 0.762500 0.600000 0.156250 0.200000
0 0.562500 0.577083 0.093750 0.195833
0 0.175000 0.570833 0.118750 0.183333
0 0.876563 0.566667 0.103125 0.166667
0 0.629687 0.612500 0.115625 0.158333
0 0.417187 0.570833 0.134375 0.158333
0 0.300000 0.572917 0.131250 0.204167
0 0.950000 0.535417 0.081250 0.229167
0 0.059375 0.591667 0.112500 0.216667
0 0.762500 0.600000 0.156250 0.200000
0 0.562500 0.577083 0.093750 0.195833
0 0.175000 0.570833 0.118750 0.183333
0 0.876563 0.566667 0.103125 0.166667
0 0.629687 0.612500 0.115625 0.158333
0 0.417187 0.570833 0.134375 0.158333
0 0.300000 0.572917 0.131250 0.204167
0 0.950000 0.535417 0.081250 0.229167
0 0.059375 0.591667 0.112500 0.216667
0 0.762500 0.600000 0.156250 0.200000
0 0.562500 0.577083 0.093750 0.195833
0 0.175000 0.570833 0.118750 0.183333
0 0.876563 0.566667 0.103125 0.166667
0 0.629687 0.612500 0.115625 0.158333
0 0.417187 0.570833 0.134375 0.158333
0 0.300000 0.572917 0.131250 0.204167
0 0.950000 0.535417 0.081250 0.229167
0 0.059375 0.591667 0.112500 0.216667
0 0.762500 0.600000 0.156250 0.200000
0 0.562500 0.577083 0.093750 0.195833
0 0.175000 0.570833 0.118750 0.183333
0 0.876563 0.566667 0.103125 0.166667
0 0.629687 0.612500 0.115625 0.158333
0 0.417187 0.570833 0.134375 0.158333
0 0.300000 0.572917 0.131250 0.204167
0 0.950000 0.535417 0.081250 0.229167
0 0.059375 0.591667 0.112500 0.216667
0 0.762500 0.600000 0.156250 0.200000
0 0.562500 0.577083 0.093750 0.195833
0 0.175000 0.570833 0.118750 0.183333
0 0.876563 0.566667 0.103125 0.166667
0 0.629687 0.612500 0.115625 0.158333
0 0.417187 0.570833 0.134375 0.158333
0 0.300000 0.572917 0.131250 0.204167
0 0.950000 0.535417 0.081250 0.229167
0 0.059375 0.591667 0.112500 0.216667
0 0.762500 0.600000 0.156250 0.200000
0 0.562500 0.577083 0.093750 0.195833
0 0.175000 0.570833 0.118750 0.183333
0 0.876563 0.566667 0.103125 0.166667
0 0.629687 0.612500 0.115625 0.158333
0 0.417187 0.570833 0.134375 0.158333
0 0.300000 0.572917 0.131250 0.204167
0 0.950000 0.535417 0.081250 0.229167
0 0.059375 0.591667 0.112500 0.216667
0 0.762500 0.600000 0.156250 0.200000
0 0.562500 0.577083 0.093750 0.195833
