0 0.762000 0.480053 0.316000 0.529255
0 0.213000 0.468085 0.302000 0.526596
0 0.762000 0.480053 0.316000 0.529255
0 0.213000 0.468085 0.302000 0.526596
0 0.762000 0.480053 0.316000 0.529255
0 0.213000 0.468085 0.302000 0.526596
0 0.762000 0.480053 0.316000 0.529255
0 0.213000 0.468085 0.302000 0.526596
0 0.762000 0.480053 0.316000 0.529255
0 0.213000 0.468085 0.302000 0.526596
0 0.762000 0.480053 0.316000 0.529255
0 0.213000 0.468085 0.302000 0.526596
0 0.762000 0.480053 0.316000 0.529255
0 0.213000 0.468085 0.302000 0.526596
0 0.762000 0.480053 0.316000 0.529255
0 0.213000 0.468085 0.302000 0.526596
