0 0.451705 0.243750 0.539773 0.287500
0 0.653409 0.604167 0.613636 0.275000
0 0.451705 0.243750 0.539773 0.287500
0 0.653409 0.604167 0.613636 0.275000
0 0.451705 0.243750 0.539773 0.287500
0 0.653409 0.604167 0.613636 0.275000
0 0.451705 0.243750 0.539773 0.287500
0 0.653409 0.604167 0.613636 0.275000
0 0.451705 0.243750 0.539773 0.287500
0 0.653409 0.604167 0.613636 0.275000
0 0.451705 0.243750 0.539773 0.287500
0 0.653409 0.604167 0.613636 0.275000
0 0.451705 0.243750 0.539773 0.287500
0 0.653409 0.604167 0.613636 0.275000
0 0.451705 0.243750 0.539773 0.287500
0 0.653409 0.604167 0.613636 0.275000
