0 0.450000 0.456325 0.460000 0.617470
0 0.844000 0.536145 0.168000 0.343373
0 0.644000 0.795181 0.264000 0.319277
0 0.450000 0.456325 0.460000 0.617470
0 0.844000 0.536145 0.168000 0.343373
0 0.644000 0.795181 0.264000 0.319277
0 0.450000 0.456325 0.460000 0.617470
0 0.844000 0.536145 0.168000 0.343373
0 0.644000 0.795181 0.264000 0.319277
0 0.450000 0.456325 0.460000 0.617470
0 0.844000 0.536145 0.168000 0.343373
0 0.644000 0.795181 0.264000 0.319277
0 0.450000 0.456325 0.460000 0.617470
0 0.844000 0.536145 0.168000 0.343373
0 0.644000 0.795181 0.264000 0.319277
0 0.450000 0.456325 0.460000 0.617470
0 0.844000 0.536145 0.168000 0.343373
0 0.644000 0.795181 0.264000 0.319277
0 0.450000 0.456325 0.460000 0.617470
0 0.844000 0.536145 0.168000 0.343373
0 0.644000 0.795181 0.264000 0.319277
0 0.450000 0.456325 0.460000 0.617470
0 0.844000 0.536145 0.168000 0.343373
0 0.644000 0.795181 0.264000 0.319277
