0 0.606250 0.533654 0.262500 0.384615
0 0.128125 0.125000 0.175000 0.182692
0 0.929688 0.692308 0.128125 0.413462
0 0.770312 0.862981 0.284375 0.245192
0 0.495312 0.918269 0.121875 0.134615
0 0.037500 0.560096 0.062500 0.254808
0 0.148438 0.408654 0.096875 0.144231
0 0.926562 0.331731 0.134375 0.259615
0 0.590625 0.237981 0.175000 0.177885
0 0.175000 0.548077 0.100000 0.105769
0 0.606250 0.533654 0.262500 0.384615
0 0.128125 0.125000 0.175000 0.182692
0 0.929688 0.692308 0.128125 0.413462
0 0.770312 0.862981 0.284375 0.245192
0 0.495312 0.918269 0.121875 0.134615
0 0.037500 0.560096 0.062500 0.254808
0 0.148438 0.408654 0.096875 0.144231
0 0.926562 0.331731 0.134375 0.259615
0 0.590625 0.237981 0.175000 0.177885
0 0.175000 0.548077 0.100000 0.105769
0 0.606250 0.533654 0.262500 0.384615
0 0.128125 0.125000 0.175000 0.182692
0 0.929688 0.692308 0.128125 0.413462
0 0.770312 0.862981 0.284375 0.245192
0 0.495312 0.918269 0.121875 0.134615
0 0.037500 0.560096 0.062500 0.254808
0 0.148438 0.408654 0.096875 0.144231
0 0.926562 0.331731 0.134375 0.259615
0 0.590625 0.237981 0.175000 0.177885
0 0.175000 0.548077 0.100000 0.105769
0 0.606250 0.533654 0.262500 0.384615
0 0.128125 0.125000 0.175000 0.182692
0 0.929688 0.692308 0.128125 0.413462
0 0.770312 0.862981 0.284375 0.245192
0 0.495312 0.918269 0.121875 0.134615
0 0.037500 0.560096 0.062500 0.254808
0 0.148438 0.408654 0.096875 0.144231
0 0.926562 0.331731 0.134375 0.259615
0 0.590625 0.237981 0.175000 0.177885
0 0.175000 0.548077 0.100000 0.105769
0 0.606250 0.533654 0.262500 0.384615
0 0.128125 0.125000 0.175000 0.182692
0 0.929688 0.692308 0.128125 0.413462
0 0.770312 0.862981 0.284375 0.245192
0 0.495312 0.918269 0.121875 0.134615
0 0.037500 0.560096 0.062500 0.254808
0 0.148438 0.408654 0.096875 0.144231
0 0.926562 0.331731 0.134375 0.259615
0 0.590625 0.237981 0.175000 0.177885
0 0.175000 0.548077 0.100000 0.105769
0 0.606250 0.533654 0.262500 0.384615
0 0.128125 0.125000 0.175000 0.182692
0 0.929688 0.692308 0.128125 0.413462
0 0.770312 0.862981 0.284375 0.245192
0 0.495312 0.918269 0.121875 0.134615
0 0.037500 0.560096 0.062500 0.254808
0 0.148438 0.408654 0.096875 0.144231
0 0.926562 0.331731 0.134375 0.259615
0 0.590625 0.237981 0.175000 0.177885
0 0.175000 0.548077 0.100000 0.105769
0 0.606250 0.533654 0.262500 0.384615
0 0.128125 0.125000 0.175000 0.182692
0 0.929688 0.692308 0.128125 0.413462
0 0.770312 0.862981 0.284375 0.245192
0 0.495312 0.918269 0.121875 0.134615
0 0.037500 0.560096 0.062500 0.254808
0 0.148438 0.408654 0.096875 0.144231
0 0.926562 0.331731 0.134375 0.259615
0 0.590625 0.237981 0.175000 0.177885
0 0.175000 0.548077 0.100000 0.105769
0 0.606250 0.533654 0.262500 0.384615
0 0.128125 0.125000 0.175000 0.182692
0 0.929688 0.692308 0.128125 0.413462
0 0.770312 0.862981 0.284375 0.245192
0 0.495312 0.918269 0.121875 0.134615
0 0.037500 0.560096 0.062500 0.254808
0 0.148438 0.408654 0.096875 0.144231
0 0.926562 0.331731 0.134375 0.259615
0 0.590625 0.237981 0.175000 0.177885
0 0.175000 0.548077 0.100000 0.105769
