0 0.140625 0.229167 0.229167 0.183333
0 0.434896 0.216667 0.265625 0.208333
0 0.679688 0.102083 0.234375 0.170833
0 0.809896 0.647917 0.328125 0.279167
0 0.286458 0.600000 0.520833 0.516667
0 0.919271 0.260417 0.130208 0.245833
0 0.697917 0.412500 0.260417 0.208333
0 0.140625 0.229167 0.229167 0.183333
0 0.434896 0.216667 0.265625 0.208333
0 0.679688 0.102083 0.234375 0.170833
0 0.809896 0.647917 0.328125 0.279167
0 0.286458 0.600000 0.520833 0.516667
0 0.919271 0.260417 0.130208 0.245833
0 0.697917 0.412500 0.260417 0.208333
0 0.140625 0.229167 0.229167 0.183333
0 0.434896 0.216667 0.265625 0.208333
0 0.679688 0.102083 0.234375 0.170833
0 0.809896 0.647917 0.328125 0.279167
0 0.286458 0.600000 0.520833 0.516667
0 0.919271 0.260417 0.130208 0.245833
0 0.697917 0.412500 0.260417 0.208333
0 0.140625 0.229167 0.229167 0.183333
0 0.434896 0.216667 0.265625 0.208333
0 0.679688 0.102083 0.234375 0.170833
0 0.809896 0.647917 0.328125 0.279167
0 0.286458 0.600000 0.520833 0.516667
0 0.919271 0.260417 0.130208 0.245833
0 0.697917 0.412500 0.260417 0.208333
0 0.140625 0.229167 0.229167 0.183333
0 0.434896 0.216667 0.265625 0.208333
0 0.679688 0.102083 0.234375 0.170833
0 0.809896 0.647917 0.328125 0.279167
0 0.286458 0.600000 0.520833 0.516667
0 0.919271 0.260417 0.130208 0.245833
0 0.697917 0.412500 0.260417 0.208333
0 0.140625 0.229167 0.229167 0.183333
0 0.434896 0.216667 0.265625 0.208333
0 0.679688 0.102083 0.234375 0.170833
0 0.809896 0.647917 0.328125 0.279167
0 0.286458 0.600000 0.520833 0.516667
0 0.919271 0.260417 0.130208 0.245833
0 0.697917 0.412500 0.260417 0.208333
0 0.140625 0.229167 0.229167 0.183333
0 0.434896 0.216667 0.265625 0.208333
0 0.679688 0.102083 0.234375 0.170833
0 0.809896 0.647917 0.328125 0.279167
0 0.286458 0.600000 0.520833 0.516667
0 0.919271 0.260417 0.130208 0.245833
0 0.697917 0.412500 0.260417 0.208333
0 0.140625 0.229167 0.229167 0.183333
0 0.434896 0.216667 0.265625 0.208333
0 0.679688 0.102083 0.234375 0.170833
0 0.809896 0.647917 0.328125 0.279167
0 0.286458 0.600000 0.520833 0.516667
0 0.919271 0.260417 0.130208 0.245833
0 0.697917 0.412500 0.260417 0.208333
