0 0.403125 0.220833 0.250000 0.275000
0 0.635938 0.208333 0.240625 0.241667
0 0.585938 0.502083 0.184375 0.170833
0 0.403125 0.220833 0.250000 0.275000
0 0.635938 0.208333 0.240625 0.241667
0 0.585938 0.502083 0.184375 0.170833
0 0.403125 0.220833 0.250000 0.275000
0 0.635938 0.208333 0.240625 0.241667
0 0.585938 0.502083 0.184375 0.170833
0 0.403125 0.220833 0.250000 0.275000
0 0.635938 0.208333 0.240625 0.241667
0 0.585938 0.502083 0.184375 0.170833
0 0.403125 0.220833 0.250000 0.275000
0 0.635938 0.208333 0.240625 0.241667
0 0.585938 0.502083 0.184375 0.170833
0 0.403125 0.220833 0.250000 0.275000
0 0.635938 0.208333 0.240625 0.241667
0 0.585938 0.502083 0.184375 0.170833
0 0.403125 0.220833 0.250000 0.275000
0 0.635938 0.208333 0.240625 0.241667
0 0.585938 0.502083 0.184375 0.170833
0 0.403125 0.220833 0.250000 0.275000
0 0.635938 0.208333 0.240625 0.241667
0 0.585938 0.502083 0.184375 0.170833
