0 0.590000 0.495495 0.524000 0.942943
0 0.184000 0.521021 0.284000 0.891892
0 0.590000 0.495495 0.524000 0.942943
0 0.184000 0.521021 0.284000 0.891892
0 0.590000 0.495495 0.524000 0.942943
0 0.184000 0.521021 0.284000 0.891892
0 0.590000 0.495495 0.524000 0.942943
0 0.184000 0.521021 0.284000 0.891892
0 0.590000 0.495495 0.524000 0.942943
0 0.184000 0.521021 0.284000 0.891892
0 0.590000 0.495495 0.524000 0.942943
0 0.184000 0.521021 0.284000 0.891892
0 0.590000 0.495495 0.524000 0.942943
0 0.184000 0.521021 0.284000 0.891892
0 0.590000 0.495495 0.524000 0.942943
0 0.184000 0.521021 0.284000 0.891892
