0 0.266000 0.494012 0.512000 0.964072
0 0.883000 0.528443 0.102000 0.224551
0 0.958000 0.420659 0.076000 0.218563
0 0.266000 0.494012 0.512000 0.964072
0 0.883000 0.528443 0.102000 0.224551
0 0.958000 0.420659 0.076000 0.218563
0 0.266000 0.494012 0.512000 0.964072
0 0.883000 0.528443 0.102000 0.224551
0 0.958000 0.420659 0.076000 0.218563
0 0.266000 0.494012 0.512000 0.964072
0 0.883000 0.528443 0.102000 0.224551
0 0.958000 0.420659 0.076000 0.218563
0 0.266000 0.494012 0.512000 0.964072
0 0.883000 0.528443 0.102000 0.224551
0 0.958000 0.420659 0.076000 0.218563
0 0.266000 0.494012 0.512000 0.964072
0 0.883000 0.528443 0.102000 0.224551
0 0.958000 0.420659 0.076000 0.218563
0 0.266000 0.494012 0.512000 0.964072
0 0.883000 0.528443 0.102000 0.224551
0 0.958000 0.420659 0.076000 0.218563
0 0.266000 0.494012 0.512000 0.964072
0 0.883000 0.528443 0.102000 0.224551
0 0.958000 0.420659 0.076000 0.218563
