0 0.079000 0.690120 0.154000 0.362275
0 0.355000 0.706587 0.178000 0.281437
0 0.206000 0.546407 0.112000 0.206587
0 0.856000 0.529940 0.204000 0.269461
0 0.592000 0.582335 0.160000 0.200599
0 0.607000 0.890719 0.294000 0.170659
0 0.345000 0.465569 0.158000 0.134731
0 0.633000 0.467066 0.342000 0.143713
0 0.079000 0.690120 0.154000 0.362275
0 0.355000 0.706587 0.178000 0.281437
0 0.206000 0.546407 0.112000 0.206587
0 0.856000 0.529940 0.204000 0.269461
0 0.592000 0.582335 0.160000 0.200599
0 0.607000 0.890719 0.294000 0.170659
0 0.345000 0.465569 0.158000 0.134731
0 0.633000 0.467066 0.342000 0.143713
0 0.079000 0.690120 0.154000 0.362275
0 0.355000 0.706587 0.178000 0.281437
0 0.206000 0.546407 0.112000 0.206587
0 0.856000 0.529940 0.204000 0.269461
0 0.592000 0.582335 0.160000 0.200599
0 0.607000 0.890719 0.294000 0.170659
0 0.345000 0.465569 0.158000 0.134731
0 0.633000 0.467066 0.342000 0.143713
0 0.079000 0.690120 0.154000 0.362275
0 0.355000 0.706587 0.178000 0.281437
0 0.206000 0.546407 0.112000 0.206587
0 0.856000 0.529940 0.204000 0.269461
0 0.592000 0.582335 0.160000 0.200599
0 0.607000 0.890719 0.294000 0.170659
0 0.345000 0.465569 0.158000 0.134731
0 0.633000 0.467066 0.342000 0.143713
0 0.079000 0.690120 0.154000 0.362275
0 0.355000 0.706587 0.178000 0.281437
0 0.206000 0.546407 0.112000 0.206587
0 0.856000 0.529940 0.204000 0.269461
0 0.592000 0.582335 0.160000 0.200599
0 0.607000 0.890719 0.294000 0.170659
0 0.345000 0.465569 0.158000 0.134731
0 0.633000 0.467066 0.342000 0.143713
0 0.079000 0.690120 0.154000 0.362275
0 0.355000 0.706587 0.178000 0.281437
0 0.206000 0.546407 0.112000 0.206587
0 0.856000 0.529940 0.204000 0.269461
0 0.592000 0.582335 0.160000 0.200599
0 0.607000 0.890719 0.294000 0.170659
0 0.345000 0.465569 0.158000 0.134731
0 0.633000 0.467066 0.342000 0.143713
0 0.079000 0.690120 0.154000 0.362275
0 0.355000 0.706587 0.178000 0.281437
0 0.206000 0.546407 0.112000 0.206587
0 0.856000 0.529940 0.204000 0.269461
0 0.592000 0.582335 0.160000 0.200599
0 0.607000 0.890719 0.294000 0.170659
0 0.345000 0.465569 0.158000 0.134731
0 0.633000 0.467066 0.342000 0.143713
0 0.079000 0.690120 0.154000 0.362275
0 0.355000 0.706587 0.178000 0.281437
0 0.206000 0.546407 0.112000 0.206587
0 0.856000 0.529940 0.204000 0.269461
0 0.592000 0.582335 0.160000 0.200599
0 0.607000 0.890719 0.294000 0.170659
0 0.345000 0.465569 0.158000 0.134731
0 0.633000 0.467066 0.342000 0.143713
