0 0.610000 0.555389 0.468000 0.715569
0 0.236000 0.532934 0.192000 0.263473
0 0.258000 0.818862 0.196000 0.290419
0 0.071000 0.654192 0.106000 0.176647
0 0.610000 0.555389 0.468000 0.715569
0 0.236000 0.532934 0.192000 0.263473
0 0.258000 0.818862 0.196000 0.290419
0 0.071000 0.654192 0.106000 0.176647
0 0.610000 0.555389 0.468000 0.715569
0 0.236000 0.532934 0.192000 0.263473
0 0.258000 0.818862 0.196000 0.290419
0 0.071000 0.654192 0.106000 0.176647
0 0.610000 0.555389 0.468000 0.715569
0 0.236000 0.532934 0.192000 0.263473
0 0.258000 0.818862 0.196000 0.290419
0 0.071000 0.654192 0.106000 0.176647
0 0.610000 0.555389 0.468000 0.715569
0 0.236000 0.532934 0.192000 0.263473
0 0.258000 0.818862 0.196000 0.290419
0 0.071000 0.654192 0.106000 0.176647
0 0.610000 0.555389 0.468000 0.715569
0 0.236000 0.532934 0.192000 0.263473
0 0.258000 0.818862 0.196000 0.290419
0 0.071000 0.654192 0.106000 0.176647
0 0.610000 0.555389 0.468000 0.715569
0 0.236000 0.532934 0.192000 0.263473
0 0.258000 0.818862 0.196000 0.290419
0 0.071000 0.654192 0.106000 0.176647
0 0.610000 0.555389 0.468000 0.715569
0 0.236000 0.532934 0.192000 0.263473
0 0.258000 0.818862 0.196000 0.290419
0 0.071000 0.654192 0.106000 0.176647
