0 0.676562 0.559524 0.378125 0.500000
0 0.142187 0.576190 0.165625 0.295238
0 0.290625 0.673810 0.112500 0.261905
0 0.878125 0.426190 0.162500 0.309524
0 0.096875 0.323810 0.112500 0.161905
0 0.379688 0.340476 0.090625 0.185714
0 0.242188 0.371429 0.165625 0.295238
0 0.676562 0.559524 0.378125 0.500000
0 0.142187 0.576190 0.165625 0.295238
0 0.290625 0.673810 0.112500 0.261905
0 0.878125 0.426190 0.162500 0.309524
0 0.096875 0.323810 0.112500 0.161905
0 0.379688 0.340476 0.090625 0.185714
0 0.242188 0.371429 0.165625 0.295238
0 0.676562 0.559524 0.378125 0.500000
0 0.142187 0.576190 0.165625 0.295238
0 0.290625 0.673810 0.112500 0.261905
0 0.878125 0.426190 0.162500 0.309524
0 0.096875 0.323810 0.112500 0.161905
0 0.379688 0.340476 0.090625 0.185714
0 0.242188 0.371429 0.165625 0.295238
0 0.676562 0.559524 0.378125 0.500000
0 0.142187 0.576190 0.165625 0.295238
0 0.290625 0.673810 0.112500 0.261905
0 0.878125 0.426190 0.162500 0.309524
0 0.096875 0.323810 0.112500 0.161905
0 0.379688 0.340476 0.090625 0.185714
0 0.242188 0.371429 0.165625 0.295238
0 0.676562 0.559524 0.378125 0.500000
0 0.142187 0.576190 0.165625 0.295238
0 0.290625 0.673810 0.112500 0.261905
0 0.878125 0.426190 0.162500 0.309524
0 0.096875 0.323810 0.112500 0.161905
0 0.379688 0.340476 0.090625 0.185714
0 0.242188 0.371429 0.165625 0.295238
0 0.676562 0.559524 0.378125 0.500000
0 0.142187 0.576190 0.165625 0.295238
0 0.290625 0.673810 0.112500 0.261905
0 0.878125 0.426190 0.162500 0.309524
0 0.096875 0.323810 0.112500 0.161905
0 0.379688 0.340476 0.090625 0.185714
0 0.242188 0.371429 0.165625 0.295238
0 0.676562 0.559524 0.378125 0.500000
0 0.142187 0.576190 0.165625 0.295238
0 0.290625 0.673810 0.112500 0.261905
0 0.878125 0.426190 0.162500 0.309524
0 0.096875 0.323810 0.112500 0.161905
0 0.379688 0.340476 0.090625 0.185714
0 0.242188 0.371429 0.165625 0.295238
0 0.676562 0.559524 0.378125 0.500000
0 0.142187 0.576190 0.165625 0.295238
0 0.290625 0.673810 0.112500 0.261905
0 0.878125 0.426190 0.162500 0.309524
0 0.096875 0.323810 0.112500 0.161905
0 0.379688 0.340476 0.090625 0.185714
0 0.242188 0.371429 0.165625 0.295238
