0 0.521000 0.660661 0.382000 0.426426
0 0.148000 0.509009 0.236000 0.363363
0 0.848000 0.354354 0.172000 0.312312
0 0.246000 0.301802 0.236000 0.333333
0 0.897000 0.758258 0.202000 0.339339
0 0.521000 0.660661 0.382000 0.426426
0 0.148000 0.509009 0.236000 0.363363
0 0.848000 0.354354 0.172000 0.312312
0 0.246000 0.301802 0.236000 0.333333
0 0.897000 0.758258 0.202000 0.339339
0 0.521000 0.660661 0.382000 0.426426
0 0.148000 0.509009 0.236000 0.363363
0 0.848000 0.354354 0.172000 0.312312
0 0.246000 0.301802 0.236000 0.333333
0 0.897000 0.758258 0.202000 0.339339
0 0.521000 0.660661 0.382000 0.426426
0 0.148000 0.509009 0.236000 0.363363
0 0.848000 0.354354 0.172000 0.312312
0 0.246000 0.301802 0.236000 0.333333
0 0.897000 0.758258 0.202000 0.339339
0 0.521000 0.660661 0.382000 0.426426
0 0.148000 0.509009 0.236000 0.363363
0 0.848000 0.354354 0.172000 0.312312
0 0.246000 0.301802 0.236000 0.333333
0 0.897000 0.758258 0.202000 0.339339
0 0.521000 0.660661 0.382000 0.426426
0 0.148000 0.509009 0.236000 0.363363
0 0.848000 0.354354 0.172000 0.312312
0 0.246000 0.301802 0.236000 0.333333
0 0.897000 0.758258 0.202000 0.339339
0 0.521000 0.660661 0.382000 0.426426
0 0.148000 0.509009 0.236000 0.363363
0 0.848000 0.354354 0.172000 0.312312
0 0.246000 0.301802 0.236000 0.333333
0 0.897000 0.758258 0.202000 0.339339
0 0.521000 0.660661 0.382000 0.426426
0 0.148000 0.509009 0.236000 0.363363
0 0.848000 0.354354 0.172000 0.312312
0 0.246000 0.301802 0.236000 0.333333
0 0.897000 0.758258 0.202000 0.339339
