0 0.185938 0.769953 0.284375 0.366197
0 0.450000 0.715962 0.162500 0.258216
0 0.671875 0.683099 0.206250 0.295775
0 0.743750 0.464789 0.206250 0.225352
0 0.118750 0.460094 0.162500 0.215962
0 0.331250 0.347418 0.162500 0.244131
0 0.950000 0.410798 0.081250 0.333333
0 0.185938 0.769953 0.284375 0.366197
0 0.450000 0.715962 0.162500 0.258216
0 0.671875 0.683099 0.206250 0.295775
0 0.743750 0.464789 0.206250 0.225352
0 0.118750 0.460094 0.162500 0.215962
0 0.331250 0.347418 0.162500 0.244131
0 0.950000 0.410798 0.081250 0.333333
0 0.185938 0.769953 0.284375 0.366197
0 0.450000 0.715962 0.162500 0.258216
0 0.671875 0.683099 0.206250 0.295775
0 0.743750 0.464789 0.206250 0.225352
0 0.118750 0.460094 0.162500 0.215962
0 0.331250 0.347418 0.162500 0.244131
0 0.950000 0.410798 0.081250 0.333333
0 0.185938 0.769953 0.284375 0.366197
0 0.450000 0.715962 0.162500 0.258216
0 0.671875 0.683099 0.206250 0.295775
0 0.743750 0.464789 0.206250 0.225352
0 0.118750 0.460094 0.162500 0.215962
0 0.331250 0.347418 0.162500 0.244131
0 0.950000 0.410798 0.081250 0.333333
0 0.185938 0.769953 0.284375 0.366197
0 0.450000 0.715962 0.162500 0.258216
0 0.671875 0.683099 0.206250 0.295775
0 0.743750 0.464789 0.206250 0.225352
0 0.118750 0.460094 0.162500 0.215962
0 0.331250 0.347418 0.162500 0.244131
0 0.950000 0.410798 0.081250 0.333333
0 0.185938 0.769953 0.284375 0.366197
0 0.450000 0.715962 0.162500 0.258216
0 0.671875 0.683099 0.206250 0.295775
0 0.743750 0.464789 0.206250 0.225352
0 0.118750 0.460094 0.162500 0.215962
0 0.331250 0.347418 0.162500 0.244131
0 0.950000 0.410798 0.081250 0.333333
0 0.185938 0.769953 0.284375 0.366197
0 0.450000 0.715962 0.162500 0.258216
0 0.671875 0.683099 0.206250 0.295775
0 0.743750 0.464789 0.206250 0.225352
0 0.118750 0.460094 0.162500 0.215962
0 0.331250 0.347418 0.162500 0.244131
0 0.950000 0.410798 0.081250 0.333333
0 0.185938 0.769953 0.284375 0.366197
0 0.450000 0.715962 0.162500 0.258216
0 0.671875 0.683099 0.206250 0.295775
0 0.743750 0.464789 0.206250 0.225352
0 0.118750 0.460094 0.162500 0.215962
0 0.331250 0.347418 0.162500 0.244131
0 0.950000 0.410798 0.081250 0.333333
