0 0.850000 0.725352 0.293750 0.492958
0 0.457813 0.481221 0.228125 0.323944
0 0.717187 0.227700 0.253125 0.286385
0 0.906250 0.185446 0.162500 0.305164
0 0.510938 0.828638 0.309375 0.323944
0 0.150000 0.152582 0.281250 0.286385
0 0.418750 0.241784 0.262500 0.276995
0 0.850000 0.725352 0.293750 0.492958
0 0.457813 0.481221 0.228125 0.323944
0 0.717187 0.227700 0.253125 0.286385
0 0.906250 0.185446 0.162500 0.305164
0 0.510938 0.828638 0.309375 0.323944
0 0.150000 0.152582 0.281250 0.286385
0 0.418750 0.241784 0.262500 0.276995
0 0.850000 0.725352 0.293750 0.492958
0 0.457813 0.481221 0.228125 0.323944
0 0.717187 0.227700 0.253125 0.286385
0 0.906250 0.185446 0.162500 0.305164
0 0.510938 0.828638 0.309375 0.323944
0 0.150000 0.152582 0.281250 0.286385
0 0.418750 0.241784 0.262500 0.276995
0 0.850000 0.725352 0.293750 0.492958
0 0.457813 0.481221 0.228125 0.323944
0 0.717187 0.227700 0.253125 0.286385
0 0.906250 0.185446 0.162500 0.305164
0 0.510938 0.828638 0.309375 0.323944
0 0.150000 0.152582 0.281250 0.286385
0 0.418750 0.241784 0.262500 0.276995
0 0.850000 0.725352 0.293750 0.492958
0 0.457813 0.481221 0.228125 0.323944
0 0.717187 0.227700 0.253125 0.286385
0 0.906250 0.185446 0.162500 0.305164
0 0.510938 0.828638 0.309375 0.323944
0 0.150000 0.152582 0.281250 0.286385
0 0.418750 0.241784 0.262500 0.276995
0 0.850000 0.725352 0.293750 0.492958
0 0.457813 0.481221 0.228125 0.323944
0 0.717187 0.227700 0.253125 0.286385
0 0.906250 0.185446 0.162500 0.305164
0 0.510938 0.828638 0.309375 0.323944
0 0.150000 0.152582 0.281250 0.286385
0 0.418750 0.241784 0.262500 0.276995
0 0.850000 0.725352 0.293750 0.492958
0 0.457813 0.481221 0.228125 0.323944
0 0.717187 0.227700 0.253125 0.286385
0 0.906250 0.185446 0.162500 0.305164
0 0.510938 0.828638 0.309375 0.323944
0 0.150000 0.152582 0.281250 0.286385
0 0.418750 0.241784 0.262500 0.276995
0 0.850000 0.725352 0.293750 0.492958
0 0.457813 0.481221 0.228125 0.323944
0 0.717187 0.227700 0.253125 0.286385
0 0.906250 0.185446 0.162500 0.305164
0 0.510938 0.828638 0.309375 0.323944
0 0.150000 0.152582 0.281250 0.286385
0 0.418750 0.241784 0.262500 0.276995
