0 0.706250 0.522917 0.400000 0.545833
0 0.289062 0.485417 0.278125 0.470833
0 0.462500 0.112500 0.181250 0.216667
0 0.706250 0.522917 0.400000 0.545833
0 0.289062 0.485417 0.278125 0.470833
0 0.462500 0.112500 0.181250 0.216667
0 0.706250 0.522917 0.400000 0.545833
0 0.289062 0.485417 0.278125 0.470833
0 0.462500 0.112500 0.181250 0.216667
0 0.706250 0.522917 0.400000 0.545833
0 0.289062 0.485417 0.278125 0.470833
0 0.462500 0.112500 0.181250 0.216667
0 0.706250 0.522917 0.400000 0.545833
0 0.289062 0.485417 0.278125 0.470833
0 0.462500 0.112500 0.181250 0.216667
0 0.706250 0.522917 0.400000 0.545833
0 0.289062 0.485417 0.278125 0.470833
0 0.462500 0.112500 0.181250 0.216667
0 0.706250 0.522917 0.400000 0.545833
0 0.289062 0.485417 0.278125 0.470833
0 0.462500 0.112500 0.181250 0.216667
0 0.706250 0.522917 0.400000 0.545833
0 0.289062 0.485417 0.278125 0.470833
0 0.462500 0.112500 0.181250 0.216667
