0 0.193750 0.385417 0.212500 0.220833
0 0.503125 0.254167 0.118750 0.200000
0 0.857812 0.345833 0.121875 0.100000
0 0.193750 0.385417 0.212500 0.220833
0 0.503125 0.254167 0.118750 0.200000
0 0.857812 0.345833 0.121875 0.100000
0 0.193750 0.385417 0.212500 0.220833
0 0.503125 0.254167 0.118750 0.200000
0 0.857812 0.345833 0.121875 0.100000
0 0.193750 0.385417 0.212500 0.220833
0 0.503125 0.254167 0.118750 0.200000
0 0.857812 0.345833 0.121875 0.100000
0 0.193750 0.385417 0.212500 0.220833
0 0.503125 0.254167 0.118750 0.200000
0 0.857812 0.345833 0.121875 0.100000
0 0.193750 0.385417 0.212500 0.220833
0 0.503125 0.254167 0.118750 0.200000
0 0.857812 0.345833 0.121875 0.100000
0 0.193750 0.385417 0.212500 0.220833
0 0.503125 0.254167 0.118750 0.200000
0 0.857812 0.345833 0.121875 0.100000
0 0.193750 0.385417 0.212500 0.220833
0 0.503125 0.254167 0.118750 0.200000
0 0.857812 0.345833 0.121875 0.100000
