0 0.550000 0.495833 0.606250 0.825000
0 0.168750 0.333333 0.331250 0.583333
0 0.550000 0.495833 0.606250 0.825000
0 0.168750 0.333333 0.331250 0.583333
0 0.550000 0.495833 0.606250 0.825000
0 0.168750 0.333333 0.331250 0.583333
0 0.550000 0.495833 0.606250 0.825000
0 0.168750 0.333333 0.331250 0.583333
0 0.550000 0.495833 0.606250 0.825000
0 0.168750 0.333333 0.331250 0.583333
0 0.550000 0.495833 0.606250 0.825000
0 0.168750 0.333333 0.331250 0.583333
0 0.550000 0.495833 0.606250 0.825000
0 0.168750 0.333333 0.331250 0.583333
0 0.550000 0.495833 0.606250 0.825000
0 0.168750 0.333333 0.331250 0.583333
