0 0.512000 0.484894 0.204000 0.244713
0 0.801000 0.430514 0.134000 0.196375
0 0.691000 0.735650 0.142000 0.196375
0 0.247000 0.655589 0.118000 0.223565
0 0.947000 0.492447 0.090000 0.199396
0 0.874000 0.709970 0.208000 0.308157
0 0.658000 0.906344 0.220000 0.181269
0 0.512000 0.484894 0.204000 0.244713
0 0.801000 0.430514 0.134000 0.196375
0 0.691000 0.735650 0.142000 0.196375
0 0.247000 0.655589 0.118000 0.223565
0 0.947000 0.492447 0.090000 0.199396
0 0.874000 0.709970 0.208000 0.308157
0 0.658000 0.906344 0.220000 0.181269
0 0.512000 0.484894 0.204000 0.244713
0 0.801000 0.430514 0.134000 0.196375
0 0.691000 0.735650 0.142000 0.196375
0 0.247000 0.655589 0.118000 0.223565
0 0.947000 0.492447 0.090000 0.199396
0 0.874000 0.709970 0.208000 0.308157
0 0.658000 0.906344 0.220000 0.181269
0 0.512000 0.484894 0.204000 0.244713
0 0.801000 0.430514 0.134000 0.196375
0 0.691000 0.735650 0.142000 0.196375
0 0.247000 0.655589 0.118000 0.223565
0 0.947000 0.492447 0.090000 0.199396
0 0.874000 0.709970 0.208000 0.308157
0 0.658000 0.906344 0.220000 0.181269
0 0.512000 0.484894 0.204000 0.244713
0 0.801000 0.430514 0.134000 0.196375
0 0.691000 0.735650 0.142000 0.196375
0 0.247000 0.655589 0.118000 0.223565
0 0.947000 0.492447 0.090000 0.199396
0 0.874000 0.709970 0.208000 0.308157
0 0.658000 0.906344 0.220000 0.181269
0 0.512000 0.484894 0.204000 0.244713
0 0.801000 0.430514 0.134000 0.196375
0 0.691000 0.735650 0.142000 0.196375
0 0.247000 0.655589 0.118000 0.223565
0 0.947000 0.492447 0.090000 0.199396
0 0.874000 0.709970 0.208000 0.308157
0 0.658000 0.906344 0.220000 0.181269
0 0.512000 0.484894 0.204000 0.244713
0 0.801000 0.430514 0.134000 0.196375
0 0.691000 0.735650 0.142000 0.196375
0 0.247000 0.655589 0.118000 0.223565
0 0.947000 0.492447 0.090000 0.199396
0 0.874000 0.709970 0.208000 0.308157
0 0.658000 0.906344 0.220000 0.181269
0 0.512000 0.484894 0.204000 0.244713
0 0.801000 0.430514 0.134000 0.196375
0 0.691000 0.735650 0.142000 0.196375
0 0.247000 0.655589 0.118000 0.223565
0 0.947000 0.492447 0.090000 0.199396
0 0.874000 0.709970 0.208000 0.308157
0 0.658000 0.906344 0.220000 0.181269
