0 0.390625 0.558333 0.737500 0.775000
0 0.815625 0.387500 0.331250 0.558333
0 0.390625 0.558333 0.737500 0.775000
0 0.815625 0.387500 0.331250 0.558333
0 0.390625 0.558333 0.737500 0.775000
0 0.815625 0.387500 0.331250 0.558333
0 0.390625 0.558333 0.737500 0.775000
0 0.815625 0.387500 0.331250 0.558333
0 0.390625 0.558333 0.737500 0.775000
0 0.815625 0.387500 0.331250 0.558333
0 0.390625 0.558333 0.737500 0.775000
0 0.815625 0.387500 0.331250 0.558333
0 0.390625 0.558333 0.737500 0.775000
0 0.815625 0.387500 0.331250 0.558333
0 0.390625 0.558333 0.737500 0.775000
0 0.815625 0.387500 0.331250 0.558333
