0 0.614062 0.488263 0.471875 0.704225
0 0.898438 0.502347 0.153125 0.375587
0 0.614062 0.488263 0.471875 0.704225
0 0.898438 0.502347 0.153125 0.375587
0 0.614062 0.488263 0.471875 0.704225
0 0.898438 0.502347 0.153125 0.375587
0 0.614062 0.488263 0.471875 0.704225
0 0.898438 0.502347 0.153125 0.375587
0 0.614062 0.488263 0.471875 0.704225
0 0.898438 0.502347 0.153125 0.375587
0 0.614062 0.488263 0.471875 0.704225
0 0.898438 0.502347 0.153125 0.375587
0 0.614062 0.488263 0.471875 0.704225
0 0.898438 0.502347 0.153125 0.375587
0 0.614062 0.488263 0.471875 0.704225
0 0.898438 0.502347 0.153125 0.375587
