0 0.215625 0.401408 0.175000 0.145540
0 0.432812 0.352113 0.109375 0.206573
0 0.817187 0.384977 0.215625 0.187793
0 0.643750 0.446009 0.112500 0.178404
0 0.215625 0.401408 0.175000 0.145540
0 0.432812 0.352113 0.109375 0.206573
0 0.817187 0.384977 0.215625 0.187793
0 0.643750 0.446009 0.112500 0.178404
0 0.215625 0.401408 0.175000 0.145540
0 0.432812 0.352113 0.109375 0.206573
0 0.817187 0.384977 0.215625 0.187793
0 0.643750 0.446009 0.112500 0.178404
0 0.215625 0.401408 0.175000 0.145540
0 0.432812 0.352113 0.109375 0.206573
0 0.817187 0.384977 0.215625 0.187793
0 0.643750 0.446009 0.112500 0.178404
0 0.215625 0.401408 0.175000 0.145540
0 0.432812 0.352113 0.109375 0.206573
0 0.817187 0.384977 0.215625 0.187793
0 0.643750 0.446009 0.112500 0.178404
0 0.215625 0.401408 0.175000 0.145540
0 0.432812 0.352113 0.109375 0.206573
0 0.817187 0.384977 0.215625 0.187793
0 0.643750 0.446009 0.112500 0.178404
0 0.215625 0.401408 0.175000 0.145540
0 0.432812 0.352113 0.109375 0.206573
0 0.817187 0.384977 0.215625 0.187793
0 0.643750 0.446009 0.112500 0.178404
0 0.215625 0.401408 0.175000 0.145540
0 0.432812 0.352113 0.109375 0.206573
0 0.817187 0.384977 0.215625 0.187793
0 0.643750 0.446009 0.112500 0.178404
