0 0.648000 0.486486 0.316000 0.354354
0 0.925000 0.418919 0.126000 0.159159
0 0.930000 0.657658 0.116000 0.180180
0 0.259000 0.834835 0.094000 0.168168
0 0.400000 0.825826 0.096000 0.132132
0 0.456000 0.471471 0.100000 0.192192
0 0.060000 0.630631 0.072000 0.096096
0 0.271000 0.540541 0.090000 0.204204
0 0.648000 0.486486 0.316000 0.354354
0 0.925000 0.418919 0.126000 0.159159
0 0.930000 0.657658 0.116000 0.180180
0 0.259000 0.834835 0.094000 0.168168
0 0.400000 0.825826 0.096000 0.132132
0 0.456000 0.471471 0.100000 0.192192
0 0.060000 0.630631 0.072000 0.096096
0 0.271000 0.540541 0.090000 0.204204
0 0.648000 0.486486 0.316000 0.354354
0 0.925000 0.418919 0.126000 0.159159
0 0.930000 0.657658 0.116000 0.180180
0 0.259000 0.834835 0.094000 0.168168
0 0.400000 0.825826 0.096000 0.132132
0 0.456000 0.471471 0.100000 0.192192
0 0.060000 0.630631 0.072000 0.096096
0 0.271000 0.540541 0.090000 0.204204
0 0.648000 0.486486 0.316000 0.354354
0 0.925000 0.418919 0.126000 0.159159
0 0.930000 0.657658 0.116000 0.180180
0 0.259000 0.834835 0.094000 0.168168
0 0.400000 0.825826 0.096000 0.132132
0 0.456000 0.471471 0.100000 0.192192
0 0.060000 0.630631 0.072000 0.096096
0 0.271000 0.540541 0.090000 0.204204
0 0.648000 0.486486 0.316000 0.354354
0 0.925000 0.418919 0.126000 0.159159
0 0.930000 0.657658 0.116000 0.180180
0 0.259000 0.834835 0.094000 0.168168
0 0.400000 0.825826 0.096000 0.132132
0 0.456000 0.471471 0.100000 0.192192
0 0.060000 0.630631 0.072000 0.096096
0 0.271000 0.540541 0.090000 0.204204
0 0.648000 0.486486 0.316000 0.354354
0 0.925000 0.418919 0.126000 0.159159
0 0.930000 0.657658 0.116000 0.180180
0 0.259000 0.834835 0.094000 0.168168
0 0.400000 0.825826 0.096000 0.132132
0 0.456000 0.471471 0.100000 0.192192
0 0.060000 0.630631 0.072000 0.096096
0 0.271000 0.540541 0.090000 0.204204
0 0.648000 0.486486 0.316000 0.354354
0 0.925000 0.418919 0.126000 0.159159
0 0.930000 0.657658 0.116000 0.180180
0 0.259000 0.834835 0.094000 0.168168
0 0.400000 0.825826 0.096000 0.132132
0 0.456000 0.471471 0.100000 0.192192
0 0.060000 0.630631 0.072000 0.096096
0 0.271000 0.540541 0.090000 0.204204
0 0.648000 0.486486 0.316000 0.354354
0 0.925000 0.418919 0.126000 0.159159
0 0.930000 0.657658 0.116000 0.180180
0 0.259000 0.834835 0.094000 0.168168
0 0.400000 0.825826 0.096000 0.132132
0 0.456000 0.471471 0.100000 0.192192
0 0.060000 0.630631 0.072000 0.096096
0 0.271000 0.540541 0.090000 0.204204
