0 0.123438 0.422269 0.215625 0.399160
0 0.415625 0.764706 0.318750 0.352941
0 0.710938 0.432773 0.409375 0.344538
0 0.503125 0.260504 0.381250 0.453782
0 0.123438 0.422269 0.215625 0.399160
0 0.415625 0.764706 0.318750 0.352941
0 0.710938 0.432773 0.409375 0.344538
0 0.503125 0.260504 0.381250 0.453782
0 0.123438 0.422269 0.215625 0.399160
0 0.415625 0.764706 0.318750 0.352941
0 0.710938 0.432773 0.409375 0.344538
0 0.503125 0.260504 0.381250 0.453782
0 0.123438 0.422269 0.215625 0.399160
0 0.415625 0.764706 0.318750 0.352941
0 0.710938 0.432773 0.409375 0.344538
0 0.503125 0.260504 0.381250 0.453782
0 0.123438 0.422269 0.215625 0.399160
0 0.415625 0.764706 0.318750 0.352941
0 0.710938 0.432773 0.409375 0.344538
0 0.503125 0.260504 0.381250 0.453782
0 0.123438 0.422269 0.215625 0.399160
0 0.415625 0.764706 0.318750 0.352941
0 0.710938 0.432773 0.409375 0.344538
0 0.503125 0.260504 0.381250 0.453782
0 0.123438 0.422269 0.215625 0.399160
0 0.415625 0.764706 0.318750 0.352941
0 0.710938 0.432773 0.409375 0.344538
0 0.503125 0.260504 0.381250 0.453782
0 0.123438 0.422269 0.215625 0.399160
0 0.415625 0.764706 0.318750 0.352941
0 0.710938 0.432773 0.409375 0.344538
0 0.503125 0.260504 0.381250 0.453782
