0 0.169444 0.495833 0.205556 0.250000
0 0.430556 0.447917 0.194444 0.204167
0 0.741667 0.439583 0.227778 0.195833
0 0.169444 0.495833 0.205556 0.250000
0 0.430556 0.447917 0.194444 0.204167
0 0.741667 0.439583 0.227778 0.195833
0 0.169444 0.495833 0.205556 0.250000
0 0.430556 0.447917 0.194444 0.204167
0 0.741667 0.439583 0.227778 0.195833
0 0.169444 0.495833 0.205556 0.250000
0 0.430556 0.447917 0.194444 0.204167
0 0.741667 0.439583 0.227778 0.195833
0 0.169444 0.495833 0.205556 0.250000
0 0.430556 0.447917 0.194444 0.204167
0 0.741667 0.439583 0.227778 0.195833
0 0.169444 0.495833 0.205556 0.250000
0 0.430556 0.447917 0.194444 0.204167
0 0.741667 0.439583 0.227778 0.195833
0 0.169444 0.495833 0.205556 0.250000
0 0.430556 0.447917 0.194444 0.204167
0 0.741667 0.439583 0.227778 0.195833
0 0.169444 0.495833 0.205556 0.250000
0 0.430556 0.447917 0.194444 0.204167
0 0.741667 0.439583 0.227778 0.195833
