0 0.071000 0.873494 0.066000 0.156627
0 0.741000 0.728916 0.114000 0.156627
0 0.927000 0.668675 0.098000 0.126506
0 0.433000 0.537651 0.078000 0.105422
0 0.516000 0.582831 0.064000 0.099398
0 0.137000 0.563253 0.082000 0.295181
0 0.237000 0.515060 0.118000 0.216867
0 0.399000 0.805723 0.114000 0.201807
0 0.071000 0.873494 0.066000 0.156627
0 0.741000 0.728916 0.114000 0.156627
0 0.927000 0.668675 0.098000 0.126506
0 0.433000 0.537651 0.078000 0.105422
0 0.516000 0.582831 0.064000 0.099398
0 0.137000 0.563253 0.082000 0.295181
0 0.237000 0.515060 0.118000 0.216867
0 0.399000 0.805723 0.114000 0.201807
0 0.071000 0.873494 0.066000 0.156627
0 0.741000 0.728916 0.114000 0.156627
0 0.927000 0.668675 0.098000 0.126506
0 0.433000 0.537651 0.078000 0.105422
0 0.516000 0.582831 0.064000 0.099398
0 0.137000 0.563253 0.082000 0.295181
0 0.237000 0.515060 0.118000 0.216867
0 0.399000 0.805723 0.114000 0.201807
0 0.071000 0.873494 0.066000 0.156627
0 0.741000 0.728916 0.114000 0.156627
0 0.927000 0.668675 0.098000 0.126506
0 0.433000 0.537651 0.078000 0.105422
0 0.516000 0.582831 0.064000 0.099398
0 0.137000 0.563253 0.082000 0.295181
0 0.237000 0.515060 0.118000 0.216867
0 0.399000 0.805723 0.114000 0.201807
0 0.071000 0.873494 0.066000 0.156627
0 0.741000 0.728916 0.114000 0.156627
0 0.927000 0.668675 0.098000 0.126506
0 0.433000 0.537651 0.078000 0.105422
0 0.516000 0.582831 0.064000 0.099398
0 0.137000 0.563253 0.082000 0.295181
0 0.237000 0.515060 0.118000 0.216867
0 0.399000 0.805723 0.114000 0.201807
0 0.071000 0.873494 0.066000 0.156627
0 0.741000 0.728916 0.114000 0.156627
0 0.927000 0.668675 0.098000 0.126506
0 0.433000 0.537651 0.078000 0.105422
0 0.516000 0.582831 0.064000 0.099398
0 0.137000 0.563253 0.082000 0.295181
0 0.237000 0.515060 0.118000 0.216867
0 0.399000 0.805723 0.114000 0.201807
0 0.071000 0.873494 0.066000 0.156627
0 0.741000 0.728916 0.114000 0.156627
0 0.927000 0.668675 0.098000 0.126506
0 0.433000 0.537651 0.078000 0.105422
0 0.516000 0.582831 0.064000 0.099398
0 0.137000 0.563253 0.082000 0.295181
0 0.237000 0.515060 0.118000 0.216867
0 0.399000 0.805723 0.114000 0.201807
0 0.071000 0.873494 0.066000 0.156627
0 0.741000 0.728916 0.114000 0.156627
0 0.927000 0.668675 0.098000 0.126506
0 0.433000 0.537651 0.078000 0.105422
0 0.516000 0.582831 0.064000 0.099398
0 0.137000 0.563253 0.082000 0.295181
0 0.237000 0.515060 0.118000 0.216867
0 0.399000 0.805723 0.114000 0.201807
