0 0.315000 0.350904 0.282000 0.376506
0 0.412000 0.594880 0.188000 0.177711
0 0.783000 0.703313 0.058000 0.093373
0 0.753000 0.909639 0.086000 0.132530
0 0.643000 0.689759 0.102000 0.198795
0 0.315000 0.350904 0.282000 0.376506
0 0.412000 0.594880 0.188000 0.177711
0 0.783000 0.703313 0.058000 0.093373
0 0.753000 0.909639 0.086000 0.132530
0 0.643000 0.689759 0.102000 0.198795
0 0.315000 0.350904 0.282000 0.376506
0 0.412000 0.594880 0.188000 0.177711
0 0.783000 0.703313 0.058000 0.093373
0 0.753000 0.909639 0.086000 0.132530
0 0.643000 0.689759 0.102000 0.198795
0 0.315000 0.350904 0.282000 0.376506
0 0.412000 0.594880 0.188000 0.177711
0 0.783000 0.703313 0.058000 0.093373
0 0.753000 0.909639 0.086000 0.132530
0 0.643000 0.689759 0.102000 0.198795
0 0.315000 0.350904 0.282000 0.376506
0 0.412000 0.594880 0.188000 0.177711
0 0.783000 0.703313 0.058000 0.093373
0 0.753000 0.909639 0.086000 0.132530
0 0.643000 0.689759 0.102000 0.198795
0 0.315000 0.350904 0.282000 0.376506
0 0.412000 0.594880 0.188000 0.177711
0 0.783000 0.703313 0.058000 0.093373
0 0.753000 0.909639 0.086000 0.132530
0 0.643000 0.689759 0.102000 0.198795
0 0.315000 0.350904 0.282000 0.376506
0 0.412000 0.594880 0.188000 0.177711
0 0.783000 0.703313 0.058000 0.093373
0 0.753000 0.909639 0.086000 0.132530
0 0.643000 0.689759 0.102000 0.198795
0 0.315000 0.350904 0.282000 0.376506
0 0.412000 0.594880 0.188000 0.177711
0 0.783000 0.703313 0.058000 0.093373
0 0.753000 0.909639 0.086000 0.132530
0 0.643000 0.689759 0.102000 0.198795
