0 0.227778 0.312500 0.211111 0.241667
0 0.813889 0.360417 0.272222 0.154167
0 0.227778 0.312500 0.211111 0.241667
0 0.813889 0.360417 0.272222 0.154167
0 0.227778 0.312500 0.211111 0.241667
0 0.813889 0.360417 0.272222 0.154167
0 0.227778 0.312500 0.211111 0.241667
0 0.813889 0.360417 0.272222 0.154167
0 0.227778 0.312500 0.211111 0.241667
0 0.813889 0.360417 0.272222 0.154167
0 0.227778 0.312500 0.211111 0.241667
0 0.813889 0.360417 0.272222 0.154167
0 0.227778 0.312500 0.211111 0.241667
0 0.813889 0.360417 0.272222 0.154167
0 0.227778 0.312500 0.211111 0.241667
0 0.813889 0.360417 0.272222 0.154167
