0 0.580556 0.256250 0.394444 0.337500
0 0.247222 0.200000 0.227778 0.158333
0 0.580556 0.256250 0.394444 0.337500
0 0.247222 0.200000 0.227778 0.158333
0 0.580556 0.256250 0.394444 0.337500
0 0.247222 0.200000 0.227778 0.158333
0 0.580556 0.256250 0.394444 0.337500
0 0.247222 0.200000 0.227778 0.158333
0 0.580556 0.256250 0.394444 0.337500
0 0.247222 0.200000 0.227778 0.158333
0 0.580556 0.256250 0.394444 0.337500
0 0.247222 0.200000 0.227778 0.158333
0 0.580556 0.256250 0.394444 0.337500
0 0.247222 0.200000 0.227778 0.158333
0 0.580556 0.256250 0.394444 0.337500
0 0.247222 0.200000 0.227778 0.158333
