0 0.544444 0.289583 0.600000 0.445833
0 0.113889 0.262500 0.205556 0.216667
0 0.544444 0.289583 0.600000 0.445833
0 0.113889 0.262500 0.205556 0.216667
0 0.544444 0.289583 0.600000 0.445833
0 0.113889 0.262500 0.205556 0.216667
0 0.544444 0.289583 0.600000 0.445833
0 0.113889 0.262500 0.205556 0.216667
0 0.544444 0.289583 0.600000 0.445833
0 0.113889 0.262500 0.205556 0.216667
0 0.544444 0.289583 0.600000 0.445833
0 0.113889 0.262500 0.205556 0.216667
0 0.544444 0.289583 0.600000 0.445833
0 0.113889 0.262500 0.205556 0.216667
0 0.544444 0.289583 0.600000 0.445833
0 0.113889 0.262500 0.205556 0.216667
