1 0.322917 0.602083 0.479167 0.354167
1 0.597917 0.231250 0.445833 0.304167
1 0.431250 0.793750 0.454167 0.329167
1 0.322917 0.602083 0.479167 0.354167
1 0.597917 0.231250 0.445833 0.304167
1 0.431250 0.793750 0.454167 0.329167
1 0.322917 0.602083 0.479167 0.354167
1 0.597917 0.231250 0.445833 0.304167
1 0.431250 0.793750 0.454167 0.329167
1 0.322917 0.602083 0.479167 0.354167
1 0.597917 0.231250 0.445833 0.304167
1 0.431250 0.793750 0.454167 0.329167
1 0.322917 0.602083 0.479167 0.354167
1 0.597917 0.231250 0.445833 0.304167
1 0.431250 0.793750 0.454167 0.329167
1 0.322917 0.602083 0.479167 0.354167
1 0.597917 0.231250 0.445833 0.304167
1 0.431250 0.793750 0.454167 0.329167
1 0.322917 0.602083 0.479167 0.354167
1 0.597917 0.231250 0.445833 0.304167
1 0.431250 0.793750 0.454167 0.329167
1 0.322917 0.602083 0.479167 0.354167
1 0.597917 0.231250 0.445833 0.304167
1 0.431250 0.793750 0.454167 0.329167
