1 0.686000 0.411348 0.136000 0.234043
1 0.221000 0.751773 0.094000 0.184397
1 0.324000 0.737589 0.096000 0.120567
1 0.419000 0.648936 0.110000 0.184397
1 0.154000 0.925532 0.100000 0.120567
1 0.686000 0.411348 0.136000 0.234043
1 0.221000 0.751773 0.094000 0.184397
1 0.324000 0.737589 0.096000 0.120567
1 0.419000 0.648936 0.110000 0.184397
1 0.154000 0.925532 0.100000 0.120567
1 0.686000 0.411348 0.136000 0.234043
1 0.221000 0.751773 0.094000 0.184397
1 0.324000 0.737589 0.096000 0.120567
1 0.419000 0.648936 0.110000 0.184397
1 0.154000 0.925532 0.100000 0.120567
1 0.686000 0.411348 0.136000 0.234043
1 0.221000 0.751773 0.094000 0.184397
1 0.324000 0.737589 0.096000 0.120567
1 0.419000 0.648936 0.110000 0.184397
1 0.154000 0.925532 0.100000 0.120567
1 0.686000 0.411348 0.136000 0.234043
1 0.221000 0.751773 0.094000 0.184397
1 0.324000 0.737589 0.096000 0.120567
1 0.419000 0.648936 0.110000 0.184397
1 0.154000 0.925532 0.100000 0.120567
1 0.686000 0.411348 0.136000 0.234043
1 0.221000 0.751773 0.094000 0.184397
1 0.324000 0.737589 0.096000 0.120567
1 0.419000 0.648936 0.110000 0.184397
1 0.154000 0.925532 0.100000 0.120567
1 0.686000 0.411348 0.136000 0.234043
1 0.221000 0.751773 0.094000 0.184397
1 0.324000 0.737589 0.096000 0.120567
1 0.419000 0.648936 0.110000 0.184397
1 0.154000 0.925532 0.100000 0.120567
1 0.686000 0.411348 0.136000 0.234043
1 0.221000 0.751773 0.094000 0.184397
1 0.324000 0.737589 0.096000 0.120567
1 0.419000 0.648936 0.110000 0.184397
1 0.154000 0.925532 0.100000 0.120567
