1 0.327778 0.622917 0.211111 0.170833
1 0.594444 0.656250 0.144444 0.095833
1 0.886111 0.795833 0.116667 0.091667
1 0.686111 0.277083 0.116667 0.095833
1 0.152778 0.379167 0.150000 0.100000
1 0.258333 0.312500 0.138889 0.125000
1 0.936111 0.406250 0.094444 0.095833
1 0.586111 0.385417 0.216667 0.129167
1 0.877778 0.193750 0.177778 0.104167
1 0.327778 0.622917 0.211111 0.170833
1 0.594444 0.656250 0.144444 0.095833
1 0.886111 0.795833 0.116667 0.091667
1 0.686111 0.277083 0.116667 0.095833
1 0.152778 0.379167 0.150000 0.100000
1 0.258333 0.312500 0.138889 0.125000
1 0.936111 0.406250 0.094444 0.095833
1 0.586111 0.385417 0.216667 0.129167
1 0.877778 0.193750 0.177778 0.104167
1 0.327778 0.622917 0.211111 0.170833
1 0.594444 0.656250 0.144444 0.095833
1 0.886111 0.795833 0.116667 0.091667
1 0.686111 0.277083 0.116667 0.095833
1 0.152778 0.379167 0.150000 0.100000
1 0.258333 0.312500 0.138889 0.125000
1 0.936111 0.406250 0.094444 0.095833
1 0.586111 0.385417 0.216667 0.129167
1 0.877778 0.193750 0.177778 0.104167
1 0.327778 0.622917 0.211111 0.170833
1 0.594444 0.656250 0.144444 0.095833
1 0.886111 0.795833 0.116667 0.091667
1 0.686111 0.277083 0.116667 0.095833
1 0.152778 0.379167 0.150000 0.100000
1 0.258333 0.312500 0.138889 0.125000
1 0.936111 0.406250 0.094444 0.095833
1 0.586111 0.385417 0.216667 0.129167
1 0.877778 0.193750 0.177778 0.104167
1 0.327778 0.622917 0.211111 0.170833
1 0.594444 0.656250 0.144444 0.095833
1 0.886111 0.795833 0.116667 0.091667
1 0.686111 0.277083 0.116667 0.095833
1 0.152778 0.379167 0.150000 0.100000
1 0.258333 0.312500 0.138889 0.125000
1 0.936111 0.406250 0.094444 0.095833
1 0.586111 0.385417 0.216667 0.129167
1 0.877778 0.193750 0.177778 0.104167
1 0.327778 0.622917 0.211111 0.170833
1 0.594444 0.656250 0.144444 0.095833
1 0.886111 0.795833 0.116667 0.091667
1 0.686111 0.277083 0.116667 0.095833
1 0.152778 0.379167 0.150000 0.100000
1 0.258333 0.312500 0.138889 0.125000
1 0.936111 0.406250 0.094444 0.095833
1 0.586111 0.385417 0.216667 0.129167
1 0.877778 0.193750 0.177778 0.104167
1 0.327778 0.622917 0.211111 0.170833
1 0.594444 0.656250 0.144444 0.095833
1 0.886111 0.795833 0.116667 0.091667
1 0.686111 0.277083 0.116667 0.095833
1 0.152778 0.379167 0.150000 0.100000
1 0.258333 0.312500 0.138889 0.125000
1 0.936111 0.406250 0.094444 0.095833
1 0.586111 0.385417 0.216667 0.129167
1 0.877778 0.193750 0.177778 0.104167
1 0.327778 0.622917 0.211111 0.170833
1 0.594444 0.656250 0.144444 0.095833
1 0.886111 0.795833 0.116667 0.091667
1 0.686111 0.277083 0.116667 0.095833
1 0.152778 0.379167 0.150000 0.100000
1 0.258333 0.312500 0.138889 0.125000
1 0.936111 0.406250 0.094444 0.095833
1 0.586111 0.385417 0.216667 0.129167
1 0.877778 0.193750 0.177778 0.104167
